10
o
m
   0    0    0    0    0    0    0    0    0    0 
   0    0    0    0    0    0    0    0    0    0 
   0    0    0    0    0    0    0    0    0    0 
   0    0    0    0    0    0    0    0    0    0 
   0    0    0    0    0    0    0    0    0    0 
   0    0    0    0    0    0    0    0    0    0 
   0    0    0    0    0    0    0    0    0    0 
   0    0    0    0    0    0    0    0    0    0 
   0    0    0    0    0    0    0    0    0    0 
   0    0    0    0    0    0    0    0    0    0 
